14  43  44  43  44  43  44  43  44  43  44  43  44  43  44  14   0   0   0   0   0   0   0
30 400   0  27   0   0 300 400 400 400 400   0 200  76  77  30   0   0   0   0   0   0   0
14  53   0   0   0   0   0  55  56  50   0  50 300  92  93  14   0   0   0   0   0   0   0
30 400  53   0   0   0   0   0  50   0   0   0   0  50  50  30   0   0   0   0   0   0   0
14   0  50  55  56   0   0   0   0  50  50 300 300   0 400  14   0   0   0   0   0   0   0
30   0   0  50 200   0 400   0   0   0   0   0   0   0   0  30   0   0   0   0   0   0   0
14   0 300   0   0   0  50   0   0   0   0 300  27   0   0  14   0   0   0   0   0   0   0
30   0   0 300   0   0   0   0   0   0  27 400   0   0   0  30   0   0   0   0   0   0   0
14   0  50 400   0   0   0   0  84   0 119 120 121   0   0  14   0   0   0   0   0   0   0
30   0  76  77   0   0   0   0   0   0 135 136 137  27 400  30   0   0   0   0   0   0   0
14   0  92  93  50   0   0  50   0   0 151 152 153   0  28  14   0   0   0   0   0   0   0
30 400   0 200  78   0   0   0   0   0  50   0  27 300 400  30   0   0   0   0   0   0   0
96  97  96  97  94   0   0   0   0  28   0 300   0   0  50  14   0   0   0   0   0   0   0
98  99  98  99  97 400  50   0   0 300   0   0   0 187  27  30   0   0   0   0   0   0   0
114 115 114 115 113 50 400   0  53   0   0  28   0   0 400  14   0   0   0   0   0   0   0
98  99  98  99  97  43  44  43  44  43  44  43  44  43  44  30   0   0   0   0   0   0   0