14  43  44  43  44  43  44  43  44  43  44  43  44  43  44  43  44  43  44  43  44  43  44
30 400   0   0   0   0   0   0   0   0   0   0   0   0   0   0   0   0   0   0   0   0  14
14   0   0   0   0   0   0   0   0   0   0   0   0   0   0   0   0   0   0   0   0   0  30
30   0   0   0   0   0   0   0   0   0   0   0   0   0   0   0   0   0   0   0   0   0  14
14   0   0   0   0   0   0   0   0   0   0   0   0   0   0   0   0   0   0   0   0   0  30
30   0   0   0   0   0   0   0   0   0   0   0   0   0   0   0   0   0   0   0   0   0  14
14   0   0   0   0   0   0   0   0   0   0   0   0   0   0   0   0   0   0   0   0   0  30
30   0   0   0   0   0   0   0   0   0   0   0   0   0   0   0   0   0   0   0   0   0  14
14   0   0   0   0   0   0   0  84   0   0   0   0   0   0   0   0   0   0   0   0   0  30
30   0   0   0   0   0   0   0   0   0   0   0   0   0   0   0   0   0   0   0   0   0  14
14   0   0   0   0   0   0   0   0   0   0   0   0   0   0   0   0   0   0   0   0   0  30
30   0   0   0   0   0   0   0   0   0   0   0   0   0   0   0   0   0   0   0   0   0  14
14   0   0   0   0   0   0   0   0   0   0   0   0   0   0   0   0   0   0   0   0   0  30
30   0   0   0   0   0   0   0   0   0   0   0   0   0   0   0   0   0   0   0   0   0  14
14   0   0   0   0   0   0   0   0   0   0   0   0   0   0   0   0   0   0   0   0   0  30
30  43  44  43  44  43  44  43  44  43  44  43  44  43  44  43  44  43  44  43  44  43  44